Cycle     | A| B| C| D| E| F| G| H|IN|OT|CNZ| SP | PC |
0000000000| 0  0  0  0  0  0  0  0| 0  0|000|0fff 0003|
0000000001|40  0  0  0  0  0  0  0| 0  0|000|0fff 0005|
0000000002|40  0  0  0  0  0  0  0| 0  0|000|1000 0006|
0000000003|40  0  0  0  0  0  0  0| 0  0|000|1001 0007|
0000000004|40 40  0  0  0  0  0  0| 0  0|000|1000 0008|
0000000005|40 40 40  0  0  0  0  0| 0  0|000|0fff 0009|
0000000006|40 40 40  0  0  0  0 f0| 0  0|000|0fff 000b|
0000000007|40 40 40  0  0  0  0 f0| 0  0|000|1001 00f0|
0000000008|40 40 40 40  0  0  0 f0| 0  0|000|1001 00f2|
0000000009|40 40 40 40  0  0  0 f0| 0 40|000|1001 00f3|
0000000010|40 40 40 40  0  0  0 f0| 0 40|000|0fff 000c|
